/*--------------------------------*- C++ -*----------------------------------*\
| =========                 |                                                 |
| \\      /  F ield         | OpenFOAM: The Open Source CFD Toolbox           |
|  \\    /   O peration     | Version:  3.0.x                                 |
|   \\  /    A nd           | Web:      www.OpenFOAM.org                      |
|    \\/     M anipulation  |                                                 |
\*---------------------------------------------------------------------------*/
FoamFile
{
    version     2.0;
    format      ascii;
    class       cellSet;
    location    "constant/polyMesh/sets";
    object      highAspectRatioCells;
}
// * * * * * * * * * * * * * * * * * * * * * * * * * * * * * * * * * * * * * //


903
(
10241 
10242 
10243 
4107 
30731 
4108 
30732 
10253 
10254 
10264 
10265 
10274 
6185 
10283 
10291 
10307 
18546 
18547 
26746 
26747 
26748 
26750 
18564 
18565 
26757 
18582 
28823 
28824 
28825 
28826 
28827 
28832 
12452 
18600 
12457 
12458 
12462 
12463 
12464 
28850 
12469 
12470 
4279 
12471 
12473 
12474 
12475 
12476 
12477 
18622 
12478 
18623 
12479 
12480 
12481 
12482 
12483 
12485 
12486 
12487 
12488 
12489 
12490 
4298 
12491 
12492 
12493 
12494 
18641 
12501 
12502 
12503 
12510 
12511 
12512 
20705 
12518 
6374 
12519 
12520 
20716 
12525 
12526 
12527 
12531 
12532 
20727 
12536 
12537 
6393 
6394 
12540 
12541 
20738 
12553 
12554 
12555 
6411 
12556 
6412 
6413 
20757 
20758 
6429 
6430 
6431 
8480 
8488 
8489 
6447 
6448 
8496 
6449 
8497 
8498 
8504 
8505 
8506 
8507 
8508 
6464 
6465 
22853 
8522 
8523 
22860 
14668 
8524 
14669 
8525 
14673 
14674 
22867 
14675 
24916 
24917 
14678 
24919 
14679 
14680 
14681 
22874 
14682 
14683 
8539 
14684 
8540 
14685 
8541 
14686 
6494 
8542 
14687 
31071 
14688 
14689 
14690 
14691 
14692 
14695 
14696 
14697 
8555 
14700 
8556 
22893 
14701 
14702 
24944 
14704 
24945 
14705 
14706 
24946 
14707 
24947 
14708 
22901 
14709 
24952 
22905 
8569 
24953 
8570 
24954 
14724 
24965 
8582 
8583 
24968 
24969 
22924 
22929 
8594 
8605 
4520 
8621 
4538 
4539 
4556 
4557 
16863 
16887 
16888 
10749 
10754 
10755 
10759 
10760 
10761 
10764 
10765 
10766 
16911 
10767 
16912 
10772 
10773 
10774 
10775 
10779 
10780 
10781 
10782 
10785 
27169 
10786 
27170 
10787 
10789 
27173 
10790 
27174 
10791 
16936 
10792 
29224 
16937 
29225 
16938 
29226 
16939 
27179 
29227 
16940 
29228 
16941 
29229 
10802 
10803 
10804 
10805 
10814 
10815 
10816 
29253 
10825 
10826 
10835 
10836 
10844 
10852 
10859 
10860 
4726 
10875 
4745 
19098 
19099 
19114 
19130 
19146 
13010 
13015 
13016 
13020 
6876 
13021 
13022 
19167 
19168 
13025 
13026 
13027 
13030 
13031 
13032 
13033 
13034 
13035 
13036 
13037 
13038 
6894 
13039 
6895 
13040 
13041 
19186 
13042 
13043 
13044 
21237 
13045 
13046 
13047 
13048 
13054 
21247 
13055 
13056 
6912 
13057 
6913 
6914 
13062 
13063 
13064 
21257 
13069 
13070 
13071 
6930 
21267 
13075 
6931 
13076 
6932 
13077 
6933 
13080 
13081 
13084 
13085 
13087 
13088 
6948 
6949 
21286 
6950 
21287 
13099 
13100 
13101 
13102 
13103 
25392 
6965 
6966 
6981 
25417 
25418 
25419 
9036 
25425 
25426 
6995 
25427 
9044 
25428 
9045 
23388 
9052 
9053 
9054 
25438 
7008 
23394 
9060 
9061 
9062 
4967 
9063 
23400 
9068 
9069 
23406 
9070 
9071 
9072 
4985 
15226 
4986 
15227 
15228 
9085 
9086 
15231 
9087 
15232 
9088 
23425 
15233 
15234 
15235 
15236 
15237 
15238 
15239 
15240 
23433 
15241 
23434 
15242 
15243 
5003 
15244 
5004 
9101 
23438 
15246 
9102 
23439 
15247 
9103 
15248 
15250 
15251 
15252 
15253 
15254 
23447 
15255 
23448 
9115 
5020 
9116 
5021 
9117 
9128 
9129 
29618 
29619 
9140 
29620 
9141 
29621 
29622 
29623 
29624 
9151 
27588 
27592 
9161 
27593 
9177 
17417 
17439 
17440 
17461 
17462 
11318 
11327 
11328 
5187 
11332 
11333 
11334 
11337 
11338 
17483 
11339 
17484 
11341 
11342 
11343 
11344 
11345 
11349 
5206 
11350 
11351 
11352 
11355 
11356 
11357 
11359 
11360 
11361 
11362 
17507 
11363 
17508 
11364 
17509 
11365 
5225 
11374 
11375 
11376 
17526 
11385 
11386 
11387 
11395 
11396 
11404 
11405 
11412 
11419 
11420 
11425 
11426 
11440 
11441 
19641 
19655 
19669 
19683 
7399 
7407 
7408 
19703 
19704 
13563 
13568 
13569 
7425 
7426 
7427 
13573 
13574 
13575 
19722 
13578 
13579 
13580 
21773 
13582 
13583 
13584 
13585 
25873 
13586 
13587 
7443 
13588 
7444 
13589 
7445 
21782 
13590 
7446 
13591 
13592 
25880 
13593 
25881 
13594 
25882 
13595 
25883 
13596 
25884 
13597 
21791 
5409 
13602 
13603 
13604 
13605 
7461 
25893 
7462 
7463 
21800 
13609 
13610 
13611 
13615 
13616 
13617 
30003 
13620 
30004 
13621 
5429 
30005 
7478 
30006 
7479 
30007 
13624 
7480 
13625 
21819 
13627 
13628 
13629 
21827 
7494 
5447 
13640 
5448 
13641 
13642 
13643 
13644 
7508 
5465 
5466 
7521 
28007 
28008 
23913 
23914 
5482 
5483 
5484 
23918 
23923 
23928 
5499 
5500 
9603 
9608 
9609 
23947 
23948 
23949 
23950 
23951 
9616 
9617 
9618 
23955 
23956 
9624 
23961 
9625 
9626 
9627 
23968 
9632 
23969 
9633 
23970 
9634 
9635 
9639 
9640 
9641 
9642 
9643 
15790 
15791 
15792 
15793 
15794 
15795 
15796 
15797 
15798 
15799 
9655 
15800 
9656 
15801 
9657 
15802 
9658 
15803 
15804 
15805 
15806 
15807 
15808 
15809 
9669 
9670 
9671 
9682 
9683 
9684 
9694 
9695 
9705 
9715 
9724 
9740 
5680 
17986 
17987 
5699 
18006 
18007 
3678 
18026 
18027 
11888 
11893 
11894 
11901 
18046 
11902 
11903 
11906 
11907 
11908 
11910 
11911 
11912 
11913 
11914 
11915 
11916 
11917 
11918 
11921 
11922 
11923 
18069 
11925 
11926 
11927 
11928 
11929 
11930 
11931 
11932 
11933 
11941 
11942 
18087 
11943 
30375 
30376 
30377 
30378 
11951 
11952 
11953 
11960 
11961 
11968 
11969 
11970 
11975 
11976 
11981 
26317 
11982 
26318 
26319 
20176 
26320 
26321 
11986 
11987 
26329 
20188 
12000 
12001 
12002 
20200 
20212 
5885 
7934 
28417 
28418 
28419 
7942 
20231 
7943 
28423 
20232 
28424 
3850 
7950 
7951 
5904 
7952 
5905 
7968 
14113 
7969 
5922 
7970 
5923 
7971 
5924 
14118 
14119 
22313 
14123 
14124 
14125 
14128 
22321 
14129 
14130 
7986 
7987 
14132 
7988 
14133 
5941 
7989 
14134 
5942 
14135 
14136 
22329 
14137 
14138 
14139 
14140 
14141 
14142 
14143 
14144 
22337 
8003 
14148 
8004 
14149 
8005 
14150 
5958 
5959 
5960 
14154 
14155 
14156 
14159 
14160 
14161 
14163 
8019 
22356 
14164 
8020 
14166 
14167 
5975 
14168 
5976 
22363 
22366 
8033 
14182 
24423 
14183 
5991 
24424 
24427 
8046 
24431 
8058 
24454 
24455 
24456 
24457 
8074 
24461 
24462 
24463 
24468 
24474 
24475 
24477 
24478 
10175 
10180 
10181 
10185 
10186 
10187 
16336 
16337 
10193 
10194 
10195 
10196 
10201 
10202 
10203 
10204 
10208 
10209 
10210 
10211 
10214 
10215 
10216 
16361 
10217 
16362 
16363 
16364 
16365 
16366 
16367 
16368 
16369 
16370 
16371 
16372 
10228 
10229 
10230 
10231 
4089 
)

// ************************************************************************* //
